
param nAssets :=
9
;
 
param mu :=
1 0.002879797
2 0.002189437
3 0.002624156
4 0.006703199
5 0.008051087
6 0.01068844
7 0.002393143
8 0.002065172
9 -0.007288571
;
 
param Sigma :
1 2 3 4 5 6 7 8 9 :=
1
0.0001364188
5.805436e-05
8.417387e-05
0.0002288381
2.933835e-05
1.403715e-05
7.804534e-05
0.0001618775
2.42938e-05
2
5.805436e-05
4.477593e-05
4.239383e-05
0.0002046191
0.0001355882
0.0001203311
0.0001396054
0.0003193368
4.733313e-05
3
8.417387e-05
4.239383e-05
8.141594e-05
0.0002206477
5.114316e-05
5.249882e-05
0.000137149
0.00024029
6.301424e-05
4
0.0002288381
0.0002046191
0.0002206477
0.00217076
0.001295631
0.00131168
0.001243612
0.002348683
0.0006434405
5
2.933835e-05
0.0001355882
5.114316e-05
0.001295631
0.001687859
0.001632623
0.000996324
0.002144399
0.0006156094
6
1.403715e-05
0.0001203311
5.249882e-05
0.00131168
0.001632623
0.001680476
0.000976036
0.002044763
0.0006461679
7
7.804534e-05
0.0001396054
0.000137149
0.001243612
0.000996324
0.000976036
0.001685691
0.002168658
0.0004452216
8
0.0001618775
0.0003193368
0.00024029
0.002348683
0.002144399
0.002044763
0.002168658
0.005173008
0.0009462961
9
2.42938e-05
4.733313e-05
6.301424e-05
0.0006434405
0.0006156094
0.0006461679
0.0004452216
0.0009462961
0.0007343426
;
 
param targetReturn :=
0.045
;
 
